+++1) При введении некорректных настроек вывести пользователю сообщение.
--- 1.1) Сообщение должно выводиться постепенно (по 1 букве).

+++2) Решить проблему с gameVictory при gameOverDefeat

+++3) Количество мин - пересчет

------------4) Таймер

+++5) Изменить концепцию настроек (применять только по нажатию кнопки).
+++  5.1) Проверить концепцию maxMines.
+++  5.2) Изменить расчет этой величины.
+++  5.3) Сделать рабочей кнопку minesUp.

+++6) Добавить стили в settings

+++7) Изменение даных в исходном массиве по нажатию правой кнопки. (+100 -100)

+++8) Кнопка редиректа на страницу настроек

+++9) Исправить баг: поле 4х4, 7 мин. 
+++ 9.1) При автоматическом выставлении мин на 7 (из-за уменьшения поля) код перестает работать.
+++ 9.2) Когда количество мин выставляется вручную - все работает.

+++10) Вывести пользователю сообщение по окончании игры.
+++ 10.1) Вывести пользователю сообщение при победе.
+++ 10.2) Вывести пользователю сообщение при поражении.

+++11) Сделать рабочей кнопку Restart

---12) По завершению игры убрать флажки со всех полей, кроме бомб
 ВНИМАНИЕ РАБОТАЕМ С ВЕТКОЙ gameover



0: (17) [-1, -1, -1, 9, -1, -1, 9, -1, -1, -1, -1, -1, 9, -1, -1, -1, -1]
1: (17) [-1, -1, -1, -1, 9, -1, -1, -1, -1, -1, -1, -1, -1, -1, -1, -1, -1]
2: (17) [-1, -1, -1, 9, -1, -1, 9, -1, -1, -1, -1, -1, -1, -1, -1, 9, -1]
3: (17) [-1, 9, -1, 9, 9, 9, -1, -1, -1, -1, -1, -1, -1, -1, -1, -1, -1]
4: (17) [-1, 9, -1, 9, 5, 3, 2, 1, 1, 1, 1, -1, -1, -1, -1, -1, -1]
5: (17) [1, 1, 3, 59, 2, 1, 59, 1, 1, 59, -1, -1, -1, -1, -1, -1, -1]
6: (17) [0, 0, 1, 1, 1, 1, 1, 1, 1, 1, 2, 9, -1, -1, -1, -1, 9]
7: (17) [0, 0, 0, 0, 0, 0, 0, 0, 0, 0, 2, -1, -1, -1, -1, -1, -1]
8: (17) [0, 1, 1, 1, 0, 0, 1, 1, 1, 0, 1, 9, -1, -1, -1, -1, 9]
9: (17) [0, 1, 9, 1, 0, 0, 1, 9, 2, 1, 1, -1, 9, -1, -1, -1, -1]
10: (17) [1, 3, -1, 3, 1, 0, 1, 2, 9, -1, -1, -1, -1, -1, -1, -1, -1]
11: (17) [9, -1, 9, 9, 1, 0, 0, 1, -1, -1, -1, -1, -1, -1, -1, -1, 9]



0: (17) [-1, 9, -1, -1, -1, -1, 9, 1, 0, 0, 0, 0, 0, 0, 1, 9, -1]
1: (17) [-1, -1, -1, -1, -1, 9, 2, 1, 0, 0, 1, 2, 2, 2, 2, -1, -1]
2: (17) [-1, -1, -1, -1, -1, -1, 2, 0, 0, 0, 1, 9, 9, 2, 9, -1, -1]
3: (17) [-1, -1, -1, -1, -1, 9, 1, 0, 0, 1, 2, 4, -1, -1, -1, -1, -1]
4: (17) [-1, -1, -1, -1, -1, -1, 1, 0, 0, 1, 9, -1, 9, -1, -1, -1, -1]
5: (17) [-1, -1, -1, -1, -1, -1, 1, 0, 1, 2, 2, -1, -1, 9, -1, -1, -1]
6: (17) [-1, -1, -1, -1, -1, 9, 1, 0, 1, 9, 1, -1, -1, 9, -1, 9, -1]
7: (17) [-1, -1, 9, -1, -1, -1, 1, 1, 2, 2, -1, -1, -1, -1, -1, -1, -1]
8: (17) [-1, 9, -1, 9, -1, -1, -1, -1, 9, -1, -1, -1, -1, -1, -1, -1, -1]
9: (17) [-1, 9, -1, 9, -1, -1, -1, -1, -1, -1, -1, -1, -1, 9, -1, -1, -1]
10: (17) [-1, -1, -1, -1, -1, -1, -1, -1, -1, 9, -1, -1, -1, -1, -1, -1, -1]
11: (17) [-1, 9, -1, -1, -1, -1, -1, -1, -1, -1, 9, -1, -1, -1, 9, 9, 9]






arr = [
[0, 0, 0, 0, 0, 0, 0, 0, 0, 1, 1, 1, -1, -1, -1, -1, -1],
[1, 1, 0, 0, 1, 1, 1, 0, 0, 1, 59, -1, -1, -1, -1, -1, 9],
[9, 1, 0, 1, 2, 9, 1, 0, 0, 1, 1, 1, 1, -1, -1, 9, 9],
[-1, 2, 1, 1, 9, -1, 2, 0, 0, 0, 0, 0, 1, 9, -1, -1, -1],
[-1, 9, -1, -1, -1, 9, 1, 0, 0, 0, 0, 0, 1, -1, -1, 9, -1],
[-1, -1, 9, 9, -1, -1, 3, 1, 0, 0, 0, 1, 1, -1, 9, -1, -1],
[-1, 9, -1, -1, -1, 9, 9, 2, 1, 0, 0, 1, 9, -1, -1, -1, -1],
[-1, -1, -1, -1, 9, -1, -1, 9, 2, 1, 0, 2, -1, -1, -1, -1, -1],
[-1, -1, -1, -1, -1, -1, -1, -1, 9, 2, 0, 1, 9, -1, -1, -1, -1],
[-1, -1, -1, -1, -1, -1, -1, -1, 9, 2, 0, 1, 1, -1, -1, 9, -1],
[-1, -1, -1, -1, -1, -1, 9, -1, -1, 2, 1, 0, 1, -1, -1, -1, -1],
[-1, -1, -1, -1, 9, -1, -1, -1, -1, 9, 1, 0, 1, 9, -1, -1, -1]
]